uri:/instrument/1.0/EBAY/chartdata;type=quote;range=10y/csv
ticker:ebay
Company-Name:eBay Inc.
Exchange-Name:NMS
unit:WEEK
timestamp:
first-trade:19980924
last-trade:20170417
currency:USD
previous_close_price:14.1077
Date:20070423,20170417
labels:20070423,20080107,20090105,20100104,20110103,20120103,20130107,20140106,20150105,20160104,20170103
values:Date,close,high,low,open,volume
close:4.3897,34.4400
high:4.6254,34.7400
low:4.1709,34.0900
open:4.3224,34.3500
volume:4246775,88776528
20070423,14.3813,14.5539,13.9394,14.0488,32767118
20070430,14.3729,14.8948,13.8805,14.4949,34422300
20070507,14.3939,14.7601,14.2214,14.3771,25605280
20070514,13.7626,14.6212,13.7163,14.5623,33508640
20070521,13.7416,14.1414,13.6953,13.7626,28224882
20070529,13.5816,14.0699,13.4975,13.5311,31678700
20070604,13.2239,13.7247,12.7988,13.5185,37645440
20070611,13.4848,13.5480,12.9756,13.2365,34478960
20070618,13.3670,13.6490,13.0093,13.5227,38949760
20070625,13.5438,13.6153,13.2071,13.4007,27545840
20070702,14.0530,14.2803,13.4133,13.5816,22480550
20070709,14.2887,14.4192,13.7374,14.0699,34345140
20070716,14.1120,14.5623,13.7837,14.2382,56150364
20070723,13.7079,14.2635,13.6574,14.0657,51781220
20070730,14.0236,14.2593,13.4806,13.6785,35752540
20070806,15.1515,15.7576,14.1498,14.1582,57659100
20070813,14.3687,15.2357,14.0741,15.2357,40205100
20070820,14.3434,14.6212,14.1288,14.3939,27920440
20070827,14.3519,14.4024,13.7921,14.1582,26707518
20070904,14.8359,15.1094,14.3098,14.3308,32488076
20070910,15.9133,16.1153,14.4655,14.8190,35273100
20070917,16.4141,16.5825,15.5093,15.7828,31621818
20070924,16.4226,16.6414,16.1322,16.2500,24349040
20071001,16.3089,16.7971,16.1322,16.4184,22823280
20071008,16.7929,17.1423,15.8838,16.2963,26633082
20071015,15.4545,17.1212,15.3030,16.7508,68301736
20071022,15.4209,15.5093,14.7306,15.2525,40734760
20071029,14.7391,15.5598,14.1077,15.5177,42729600
20071105,14.0825,14.6044,13.4091,14.5118,53356536
20071112,13.7795,14.3350,13.3880,14.1540,39165920
20071119,13.4428,13.9436,13.0934,13.7795,30594100
20071126,14.1120,14.5833,13.0219,13.5774,38623640
20071203,14.1961,14.3434,13.7626,13.9815,26323418
20071210,13.7626,14.7811,13.7121,14.0783,32285140
20071217,14.4360,14.6170,13.2618,13.6869,32421600
20071224,14.2172,14.5918,14.0825,14.4318,13043000
20071231,13.1734,14.1414,13.1061,14.0993,23234200
20080107,12.4916,13.2660,12.2096,13.2239,39206040
20080114,11.9234,12.7020,11.5488,12.6389,51242100
20080122,11.2921,12.5800,10.8375,10.9806,82079752
20080128,12.1254,12.2054,10.7912,11.1195,53706264
20080204,11.8140,12.2811,11.5236,12.0665,40040240
20080211,11.6961,11.9655,11.4478,11.7424,31034282
20080219,11.6625,11.8476,11.2079,11.8434,31907924
20080225,11.0943,11.8392,11.0143,11.6582,32670160
20080303,10.8502,11.4184,10.6608,11.0396,33808340
20080310,11.0480,11.4478,10.7618,10.8670,32238660
20080317,12.0370,12.1591,10.5640,10.7786,48080448
20080324,12.7189,13.2029,11.9108,11.9487,35101800
20080331,13.8636,14.0867,12.3948,12.5715,39515020
20080407,12.9924,14.0572,12.9167,13.9268,25241520
20080414,13.3460,13.7500,12.7315,13.0682,42535800
20080421,13.1734,13.3502,12.7189,13.1061,30878518
20080428,13.0934,13.4680,12.8998,13.1608,30542260
20080505,12.6263,13.1944,12.3274,13.0093,23876920
20080512,13.1187,13.5101,12.7062,12.7315,32754640
20080519,12.7020,13.2029,12.5337,13.1313,26385618
20080527,12.6305,13.0345,12.2475,12.7146,30791550
20080602,12.3148,12.7567,12.1549,12.6221,30961140
20080609,11.9444,12.4579,11.6330,12.2938,36823660
20080616,11.8561,12.3443,11.8140,12.0160,35442440
20080623,11.6204,12.0370,11.4268,11.9571,33535860
20080630,11.2795,11.7803,11.2584,11.5446,28489600
20080707,11.7887,12.2601,11.0396,11.3173,36136660
20080714,10.0926,11.9529,9.8990,11.9108,73757560
20080721,10.6902,10.9975,10.0042,10.1094,40244300
20080728,10.3451,10.9764,10.0421,10.6818,35628340
20080804,11.0943,11.1616,10.2273,10.3072,31819860
20080811,10.9343,11.3678,10.7407,10.9764,29413918
20080818,10.5345,10.9806,10.1894,10.8460,26908800
20080825,10.4924,10.7281,10.2778,10.4672,18331480
20080902,10.0042,10.6566,9.7811,10.6061,40781248
20080908,9.4907,10.2357,9.3266,10.1978,39552180
20080915,9.7517,10.0168,9.1330,9.1919,49594620
20080922,9.4992,9.7517,8.8973,9.7475,34215540
20080929,7.9714,9.5370,7.9672,9.3771,50063920
20081006,7.0412,7.7862,6.3131,7.7862,73839664
20081013,6.4604,7.8914,5.7618,7.4327,77802384
20081020,6.2668,6.6288,5.9638,6.4646,47636540
20081027,6.4268,6.7719,6.0606,6.1827,39396120
20081103,5.9722,6.6414,5.8460,6.2837,32255140
20081110,5.2020,6.1574,4.7938,6.1490,49135120
20081117,5.0547,5.3409,4.5918,5.1852,57827420
20081124,5.5261,5.6944,5.0337,5.1347,41798376
20081201,5.8754,5.8838,5.1389,5.4588,48156760
20081208,6.0059,6.1616,5.5682,5.9133,40210900
20081215,6.0816,6.5152,5.7912,5.9806,41114100
20081222,5.7239,6.1322,5.6103,6.0943,19560076
20081229,6.1700,6.1953,5.5177,5.7492,21514276
20090105,5.9722,6.5152,5.9217,6.1574,24996220
20090112,5.5808,6.0606,5.3788,6.0354,40722560
20090120,5.0505,5.6145,4.7685,5.5598,57008000
20090126,5.0589,5.4503,4.8864,5.0505,29463318
20090202,5.7365,5.7618,5.0210,5.0379,31843218
20090209,5.5513,5.8838,5.4293,5.6987,34348200
20090217,5.1263,5.3704,5.0295,5.3535,27640500
20090223,4.5749,5.1810,4.4192,5.1557,43837660
20090302,4.3897,4.6254,4.1709,4.4739,54059500
20090309,5.0210,5.1557,4.3013,4.3224,41347020
20090316,5.0884,5.2609,4.8569,5.0505,30889782
20090323,5.4082,5.5513,5.1557,5.2441,29191100
20090330,6.0227,6.1574,5.1431,5.3030,46003640
20090406,6.3215,6.3300,5.6566,5.9133,31436250
20090413,6.0564,6.1953,5.8081,6.1574,39908200
20090420,7.0623,7.1296,5.7534,6.0101,74112336
20090427,6.9487,7.1801,6.7635,6.8224,44290320
20090504,7.3148,7.4158,6.9024,6.9571,43000020
20090511,7.1170,7.3611,6.7803,7.1759,32721160
20090518,7.3064,7.7231,7.0960,7.1591,32676618
20090526,7.4158,7.4621,6.9487,7.2138,38179800
20090601,7.5084,7.7399,7.3906,7.5210,48953300
20090608,7.4916,7.6389,7.2938,7.5126,40844360
20090615,7.2727,7.4663,7.1044,7.4242,35464020
20090622,7.3022,7.3653,6.7677,7.1928,40903680
20090629,6.8771,7.4453,6.8266,7.3359,64452648
20090706,6.8603,6.9823,6.6372,6.8729,41977600
20090713,7.8072,7.9335,6.7761,6.8603,53221220
20090720,8.9394,9.0783,7.7357,7.8283,68330416
20090727,8.9436,9.2845,8.9394,8.9899,41228880
20090803,9.4907,9.7391,8.9141,9.3434,53080920
20090810,9.1077,9.5370,9.0488,9.5370,35261780
20090817,9.2929,9.3013,8.6490,8.8847,34194580
20090824,9.4529,9.6549,9.1625,9.2887,30308200
20090831,9.2214,9.7559,8.9057,9.3476,44641140
20090908,9.9158,10.0379,9.0993,9.2635,43881848
20090914,10.2441,10.4125,9.8316,9.8443,47778400
20090921,9.8695,10.3409,9.7685,10.2441,32662840
20090928,9.5539,10.1052,9.4865,9.9158,36329700
20091005,10.2778,10.5808,9.5076,9.5875,45346820
20091012,10.3072,10.7239,10.2399,10.3788,38092260
20091019,9.9158,10.8586,9.7938,10.4082,71700896
20091026,9.3729,10.0210,9.3140,9.8695,40403380
20091102,9.8232,9.8906,9.0530,9.2845,32931860
20091109,9.9916,10.1347,9.7391,9.8401,31656318
20091116,9.5918,10.1515,9.5749,10.0253,30976082
20091123,9.7727,9.9958,9.5960,9.6717,21534000
20091130,9.9621,10.4167,9.7643,9.7685,46359100
20091207,9.5539,10.0884,9.2845,9.9074,36434400
20091214,9.5412,9.6801,9.3687,9.5623,31890582
20091221,10.0547,10.2020,9.5455,9.5960,27246450
20091228,9.9032,10.1010,9.8948,10.0463,14369925
20100104,9.8948,10.0926,9.7222,9.9832,26253460
20100111,9.4571,9.9958,9.3098,9.9032,34974800
20100119,9.9242,10.3367,9.3350,9.3771,88776528
20100125,9.6886,10.2525,9.6254,9.9790,49924740
20100201,9.5581,9.8401,9.3603,9.6423,34488740
20100208,9.1625,9.6591,9.0530,9.5665,31832040
20100216,9.8569,9.8864,9.2551,9.2551,32691524
20100222,9.6886,9.8906,9.4992,9.8569,31745960
20100301,10.3662,10.5008,9.6633,9.7306,39867800
20100308,10.9301,10.9428,10.2694,10.2820,40090200
20100315,11.4436,11.6919,10.8544,10.9301,41116020
20100322,11.5530,11.9402,11.2037,11.2542,37933940
20100329,11.1827,11.5825,11.1742,11.5741,26604324
20100405,11.1742,11.6456,11.0101,11.1532,35852460
20100412,11.0816,11.4520,11.0354,11.2121,32707760
20100419,10.3325,11.1869,10.0589,11.0269,63681700
20100426,10.0084,10.4335,9.9579,10.2820,46031460
20100503,9.0404,10.1431,8.6532,9.9537,63827800
20100510,9.3645,9.8106,9.2466,9.5244,38891740
20100517,9.0152,9.5833,8.5480,9.3266,60022600
20100524,9.0109,9.2761,8.6532,8.9773,43742140
20100601,9.2551,9.6128,8.7121,8.8468,62051724
20100607,9.5328,9.5497,8.8089,9.2593,53737564
20100614,9.3266,9.6465,9.2214,9.5960,34969020
20100621,8.8173,9.5244,8.6448,9.4444,32465182
20100628,8.1061,8.8258,8.0219,8.7837,53239400
20100706,8.5396,8.5480,8.0640,8.2660,38083024
20100712,8.4554,9.0320,8.4428,8.4933,36449740
20100719,8.8763,9.0657,8.3838,8.4891,41343580
20100726,8.8005,8.9689,8.6406,8.8342,22785920
20100802,9.0278,9.0825,8.7121,8.9562,26056980
20100809,9.0488,9.5244,8.9268,9.2003,35233480
20100816,9.8359,9.8695,9.0067,9.0320,51515840
20100823,9.7559,9.9369,9.4150,9.8611,41091340
20100830,10.1557,10.3030,9.5707,9.7643,39719540
20100907,10.1431,10.3662,9.8695,10.0968,37178000
20100913,10.1936,10.2988,9.9537,10.1010,31137382
20100920,10.4125,10.4756,9.8401,10.2146,34375100
20100927,10.2946,10.5892,10.1810,10.3998,26719540
20101004,10.3577,10.4672,10.0715,10.2904,23713800
20101011,10.8081,10.9007,10.1347,10.3283,27751640
20101018,11.8140,11.9697,10.5766,10.8796,53099336
20101025,12.5673,12.5842,11.5993,11.6498,48581220
20101101,12.9924,13.0177,12.2980,12.3990,37846300
20101108,12.6852,13.1524,12.6599,12.9588,32865760
20101115,12.7525,12.9840,12.3822,12.6978,31636000
20101122,13.1103,13.2492,12.4790,12.6557,26403176
20101129,12.4621,13.3165,12.1170,12.9714,40621200
20101206,12.9167,12.9672,12.3779,12.4074,25109280
20101213,12.5505,12.9714,12.5337,12.9335,29719540
20101220,11.9192,12.5800,11.8645,12.5631,27077450
20101227,11.7130,11.9949,11.6540,11.8603,13826441
20110103,11.6582,12.3443,11.4562,11.8729,27134518
20110110,12.2811,12.2896,11.5657,11.6330,23002340
20110118,12.6347,13.0387,12.1507,12.3022,46436076
20110124,12.7567,13.1313,12.6052,12.6221,29426340
20110131,13.5564,13.6448,12.4958,12.7399,28742940
20110207,14.5244,14.6380,13.3586,13.5269,35701820
20110214,14.5328,14.8779,14.1625,14.5160,22830860
20110222,14.1540,14.5286,13.6785,14.3645,24182400
20110228,13.4722,14.3056,13.3838,14.1835,23452120
20110307,13.0135,13.6658,12.8956,13.5227,25662560
20110314,12.8241,13.0724,12.4621,12.9377,27213740
20110321,13.3418,13.6279,12.6136,13.0303,19007860
20110328,13.1987,13.4133,12.7483,13.3923,30242900
20110404,13.1061,13.8258,12.9924,13.1987,20170380
20110411,13.3039,13.3544,12.7062,13.1481,19307300
20110418,13.4470,13.5648,12.8114,13.1313,17850950
20110425,14.4739,14.5833,13.5732,13.6532,32164440
20110502,13.7710,14.4697,13.5438,14.1877,20537280
20110509,14.1288,14.4697,13.6237,13.7121,22588700
20110516,13.6700,14.0572,13.4933,14.0278,14965980
20110523,12.9125,13.4680,12.7652,13.4680,27591500
20110531,12.7525,13.2197,12.7441,13.1145,28437400
20110606,12.6094,13.0261,12.4074,12.7189,34548520
20110613,12.1338,12.7399,11.8939,12.6473,33170940
20110620,11.9318,12.5758,11.8519,12.0665,35464760
20110627,13.7795,13.8131,11.8855,11.8897,51928200
20110705,14.0657,14.1414,13.6153,13.7837,22941976
20110711,13.8089,14.3392,13.4343,13.9310,32428540
20110718,14.0993,14.7264,13.6153,13.8089,41749980
20110725,13.7837,14.5160,13.7668,13.8678,25038000
20110801,12.3316,14.0404,12.0034,13.9394,44855180
20110808,12.8493,12.9125,11.3384,11.9276,49369020
20110815,11.4310,13.0429,11.3047,12.8956,27877840
20110822,12.3990,12.4874,11.4141,11.6919,26136280
20110829,12.3779,13.2955,12.2727,12.5126,25875540
20110906,11.9781,12.8998,11.9024,11.9992,34039376
20110912,14.1793,14.2677,11.9529,11.9697,40033800
20110919,13.5017,14.2130,12.9545,13.9731,40700880
20110926,12.4116,14.0109,12.2643,13.6027,36023580
20111003,13.0766,13.2660,11.5362,12.2811,36935120
20111010,14.1793,14.2593,13.2197,13.3375,26816140
20111017,13.5185,14.4907,12.8998,14.1330,38723780
20111024,13.9941,14.0152,12.9040,13.4596,27845440
20111031,13.7668,13.9310,12.9209,13.7879,29426382
20111107,13.3670,13.8847,12.8283,13.7163,23422140
20111114,12.5463,13.3754,12.2433,13.3291,22154300
20111121,11.8813,12.4032,11.8476,12.3443,21710600
20111128,12.4579,12.7483,11.9949,12.3316,25011520
20111205,13.3165,13.3712,12.7946,12.9377,27202540
20111212,12.7946,13.3460,12.2391,13.1566,28184340
20111219,12.9798,13.0051,12.4747,12.8788,18151980
20111227,12.7652,13.0640,12.5884,12.9672,9913050
20120103,12.8914,13.2576,12.4369,12.9756,38056400
20120109,12.8872,13.4680,12.7020,13.0513,22640920
20120117,13.4386,13.4470,12.5800,13.1103,49808624
20120123,13.4049,13.6574,13.2365,13.3586,19447740
20120130,13.8678,14.0025,13.1860,13.2786,22564820
20120206,13.9015,14.0488,13.6322,13.7626,19400760
20120213,14.7559,14.8190,13.7710,14.0109,26576382
20120221,15.3030,15.3704,14.4781,14.7559,26856524
20120227,15.2567,15.4882,15.0000,15.2189,25294800
20120305,15.2567,15.3283,14.6591,14.9747,22415240
20120312,15.8628,15.9512,15.0421,15.3030,29987840
20120319,15.6103,15.9891,15.5429,15.6818,20202580
20120326,15.5303,16.0690,15.4335,15.7828,22736520
20120402,14.9916,15.5135,14.8779,15.4377,26028924
20120409,15.2020,15.4545,14.8611,14.9537,21086200
20120416,16.9571,17.6094,14.9116,15.2609,50778640
20120423,17.3527,17.5000,16.4478,16.5783,32058318
20120430,16.5993,17.6599,16.5530,17.4074,28343418
20120507,17.1465,17.4242,16.4141,16.5025,32792140
20120514,16.1448,17.1296,16.0859,17.0160,28117718
20120521,16.9823,17.1128,16.1574,16.2079,28136982
20120529,16.3384,17.5337,15.9933,17.0749,46103800
20120604,17.2769,17.5589,16.3258,16.3973,27531618
20120611,17.1170,17.5084,16.6667,17.3611,30084118
20120618,18.0135,18.4933,17.0833,17.1254,43449920
20120625,17.6810,18.0556,16.9108,17.7778,27248918
20120702,17.0076,17.7988,16.8140,17.7652,19102576
20120709,16.8140,17.3401,16.2121,17.0455,22790620
20120716,18.8763,19.1414,16.0185,16.7172,48244560
20120723,19.0320,19.1414,18.0177,18.4175,30385940
20120730,18.7290,19.4234,18.2071,18.9773,23241860
20120806,18.5143,19.3561,18.4049,18.7668,19636480
20120813,19.7264,19.8022,18.5438,18.5480,28651560
20120820,19.8232,20.2357,19.1456,19.8106,26661518
20120827,19.9790,20.1641,19.5623,19.9285,18965260
20120904,20.7239,20.7365,19.5118,19.9790,28161724
20120910,21.0311,21.3173,20.0673,20.6229,25720240
20120917,20.8207,21.2458,20.7534,21.2374,22453680
20120924,20.3577,20.8880,19.9327,20.7618,23490680
20121001,20.5093,21.1448,20.1810,20.4419,18213400
20121008,20.1389,20.5598,19.4108,20.3409,26130160
20121015,21.0311,21.4394,19.4655,20.1052,46299460
20121022,20.8375,21.2753,20.2862,21.0143,23485600
20121031,20.4924,20.8712,20.2483,20.8249,25269400
20121105,20.0884,21.0354,19.9116,20.5261,20166940
20121112,19.8906,20.2904,19.2172,20.0968,19636180
20121119,20.6271,20.6860,19.9832,20.0884,15900775
20121126,22.2306,22.3064,20.7786,20.7955,31801700
20121203,21.7761,22.3695,21.6372,22.3359,18099640
20121210,21.1953,22.1591,21.1153,21.8603,22454540
20121217,21.6120,22.1128,21.1322,21.2626,26690418
20121224,20.9638,21.7971,20.9049,21.5025,14930975
20121231,22.2138,22.6010,20.7071,20.9428,22946124
20130107,22.6010,22.8114,21.9108,22.1086,23090000
20130114,22.8157,23.0976,21.8350,22.5505,36825520
20130122,23.7921,23.8468,22.3316,22.7904,27203024
20130128,24.0783,24.1035,23.2702,23.6490,18205200
20130204,23.8300,24.0236,23.2955,23.8426,17848900
20130211,23.8636,24.0993,23.4638,23.7879,19224460
20130219,23.1566,24.0320,22.6852,23.9310,17174724
20130225,23.1061,23.4217,22.3569,23.3207,18751380
20130304,22.3611,23.5690,21.9949,22.8704,26920418
20130311,21.2163,22.4495,21.1827,22.3485,39824500
20130318,22.4200,22.5000,20.8544,20.9848,31435900
20130325,22.8199,22.9419,21.4436,22.4747,38954952
20130401,23.3670,23.9015,22.9377,23.4175,28744082
20130408,24.1204,24.4276,23.2702,23.3249,18085900
20130415,22.0497,24.1919,21.8434,23.9815,34924880
20130422,22.1128,22.4579,21.5320,21.9444,27921282
20130429,22.8157,22.9419,21.8519,22.1423,19596180
20130506,23.4217,23.5648,22.3485,22.7525,18763220
20130513,23.8678,24.0362,23.1860,23.4806,21429520
20130520,22.9966,23.8468,22.4411,23.8047,23764440
20130528,22.7694,23.6742,22.7231,23.2534,23761250
20130603,21.6540,22.6810,21.3931,22.6684,28413140
20130610,21.5867,22.4705,21.3131,21.8013,24742820
20130617,21.5194,22.3022,21.1490,21.8434,23884460
20130624,21.7677,22.0707,21.0816,21.3931,25336480
20130701,22.6641,22.6810,21.8981,21.9697,15353475
20130708,24.0067,24.0194,22.4621,22.8451,18270140
20130715,21.9655,24.2003,21.9360,23.9983,44368560
20130722,21.9907,22.0833,21.4310,22.0623,30865560
20130729,22.1128,22.2012,21.6330,21.9276,18843340
20130805,22.4453,22.6768,22.0244,22.1507,16534559
20130812,22.2727,22.9461,21.7508,22.2012,20774320
20130819,21.7382,22.4242,21.3847,22.1970,20611060
20130826,21.0396,21.9402,20.8838,21.7466,21274660
20130903,22.2348,22.4074,21.0774,21.2879,21659400
20130909,22.6515,22.9840,21.9276,22.2138,19432680
20130916,23.1271,23.2534,22.4916,22.9293,21585720
20130923,23.4764,23.9478,22.7357,23.1524,20210440
20130930,23.3923,23.6742,22.9335,23.2618,15568741
20131007,22.8830,23.3291,21.9276,23.1061,19610680
20131014,21.9697,23.0640,21.1406,22.7736,47168160
20131021,21.7340,22.2727,21.4857,22.0665,28178000
20131028,21.8603,22.5210,21.6582,21.8013,24181500
20131104,22.3064,22.6641,21.2626,21.8813,30780518
20131111,22.1380,22.5084,21.8687,22.1507,22045020
20131118,21.1827,22.1759,20.9848,22.0244,42105220
20131125,21.2626,21.3594,20.2273,21.3468,47881000
20131202,21.8897,22.3401,21.2584,21.9739,35210740
20131209,21.6961,22.0118,21.5446,21.8855,19548420
20131216,22.9714,23.0640,21.7003,21.9865,32755582
20131223,22.8030,23.2828,22.6052,23.0219,21346824
20131230,22.4158,23.1481,22.3864,22.9167,19036450
20140106,21.9529,22.5673,21.5109,22.0539,35922460
20140113,22.3906,22.7946,21.7971,21.9360,37896040
20140121,22.8830,23.5269,22.5210,22.7273,81856472
20140127,22.3906,22.8577,21.9066,22.6431,38452440
20140203,22.9756,23.0387,21.9024,22.3653,33010300
20140210,23.0513,23.1271,22.4874,22.9251,25795720
20140218,22.9756,23.3712,22.9419,23.0850,22464300
20140224,24.7348,25.1263,23.0976,23.1902,40760880
20140303,24.8569,25.1052,24.1793,24.3603,24295300
20140310,23.8805,24.8064,23.7416,24.6591,23664780
20140317,23.9731,24.4823,23.8384,24.3687,19472560
20140324,23.2281,24.2045,22.8241,23.9941,20337520
20140331,22.7273,23.6742,22.6726,23.4343,24607780
20140407,22.5000,23.5522,22.2475,22.7441,42068600
20140414,23.1355,23.2197,22.2727,22.6221,22255400
20140421,22.6094,23.4091,22.4958,23.1313,17765120
20140428,21.8897,23.0051,21.4141,22.7778,38564040
20140505,21.2710,22.0328,20.9470,21.8013,34504320
20140512,21.8645,22.0875,21.3173,21.4310,32120540
20140519,21.8939,22.0791,21.1700,21.7803,24577920
20140527,21.3510,22.0202,20.9638,22.0160,36434600
20140602,20.9175,21.4394,20.8333,21.3300,26778460
20140609,20.6397,20.9301,20.2609,20.6692,45684520
20140616,20.7660,20.9596,20.5135,20.5892,26638482
20140623,21.0774,21.1195,20.4840,20.8207,23328280
20140630,21.4394,21.4983,20.9596,21.1237,19819724
20140707,21.6751,21.8140,20.9343,21.4352,24205120
20140714,21.6667,21.8182,21.2542,21.5699,31961760
20140721,22.2012,22.5168,21.4815,21.5783,29336618
20140728,22.1086,22.5505,21.9444,22.2685,26078140
20140804,22.7652,22.8325,21.9865,22.0581,25462400
20140811,22.1549,22.9125,22.0960,22.8241,24493380
20140818,23.3586,24.0109,22.2264,22.3316,41183020
20140825,23.3586,23.8678,23.1229,23.4049,19752340
20140902,22.6852,23.3965,22.4327,23.3502,28858250
20140908,21.9655,23.1481,21.0606,22.6347,56843620
20140915,22.0539,22.3316,21.2795,21.9781,33588260
20140922,22.2769,22.3864,21.8140,21.9992,21187760
20140929,22.9125,24.1162,22.0118,22.1002,62077336
20141006,21.8266,23.0093,21.8140,22.9293,24893900
20141013,20.1810,21.8561,19.5034,21.7003,43220400
20141020,21.5152,21.7214,20.1641,20.2189,27181918
20141027,22.0960,22.1928,21.3552,21.5067,17871700
20141103,22.5253,22.6221,22.0076,22.0202,17479740
20141110,22.8788,22.9882,22.4158,22.5042,14846800
20141117,22.9040,23.4259,22.8241,22.8830,16849100
20141124,23.0976,23.2323,22.8241,23.0135,11682500
20141201,23.0682,23.3165,22.9040,23.0471,13996020
20141208,23.4722,24.2551,22.9630,23.2955,35138360
20141215,24.0488,24.2803,23.2113,23.5101,27563218
20141222,24.0067,24.3855,23.9646,24.1877,14117975
20141229,23.6574,24.1961,23.4554,24.0488,11756875
20150105,23.4133,23.7500,22.9125,23.5059,20716300
20150112,22.5842,23.7374,22.2054,23.4259,20122620
20150120,23.8889,24.1077,22.2727,22.6852,40161900
20150126,22.3064,23.9604,22.2896,23.7247,21511980
20150202,22.9377,23.1061,22.1128,22.3527,17207720
20150209,23.7668,23.8258,22.6768,22.7315,19336280
20150217,24.4192,24.4318,23.4891,23.6406,16732800
20150223,24.3729,24.7727,24.3013,24.3434,15596080
20150302,25.1978,25.4503,24.2214,24.2214,17997400
20150309,24.8611,25.6439,24.6717,25.1978,26426000
20150316,24.3813,25.2441,23.8594,25.0505,30424300
20150323,24.2551,25.2652,24.0993,24.3771,20499560
20150330,23.9520,24.5791,23.8889,24.3056,10753600
20150406,24.1330,24.3729,23.3375,23.3586,14193980
20150413,23.4806,24.5076,23.3165,24.0572,14544480
20150420,24.9158,25.2441,23.3207,23.5648,24509060
20150427,24.9579,25.3114,24.3813,24.8527,17467980
20150504,24.7559,25.0337,23.9604,24.8906,14478920
20150511,25.0042,25.6019,24.2298,24.7685,13203980
20150518,25.1347,25.3241,24.6717,24.9242,10202040
20150526,25.8249,25.9428,24.6380,25.2652,20349376
20150601,26.6120,26.6414,25.8880,25.9049,22291200
20150608,25.2609,26.3131,25.1431,26.3131,21282160
20150615,25.7449,26.0438,24.9369,25.0968,18819940
20150622,25.6902,26.2584,25.5471,25.9217,15124020
20150629,26.0311,26.1911,24.8779,25.5303,24392800
20150706,26.2500,26.3847,25.6187,25.8670,32879740
20150713,27.8998,28.0850,26.2542,26.2710,45571060
20150720,28.2300,29.3500,26.5900,26.8900,34410180
20150727,28.1200,28.8700,27.8200,28.0200,17336660
20150803,28.5500,28.7200,27.8400,28.0900,11637900
20150810,28.2600,28.9400,27.3100,28.6100,8592260
20150817,25.7700,28.4600,25.7200,28.1200,13400320
20150824,27.2500,27.2700,23.2300,23.8700,18401420
20150831,26.4800,27.6000,26.2900,27.0800,11876760
20150908,26.3200,26.9100,25.7700,26.6900,11041900
20150914,26.0200,26.7700,25.3300,26.2200,14592100
20150921,25.3300,26.5000,25.0900,26.2600,9087420
20150928,25.5300,25.5500,23.7600,25.1500,15559859
20151005,24.3000,25.9300,23.6200,25.5900,19665360
20151012,24.5500,24.9000,23.9300,24.0400,12250280
20151019,28.1600,28.5700,24.1800,24.5400,21412320
20151026,27.9000,28.4700,27.6900,27.7400,10864900
20151102,29.4000,29.6900,27.7200,27.7300,13258320
20151109,28.1900,29.3800,28.1400,29.3800,14677020
20151116,29.0600,29.1600,27.9600,28.2900,9152440
20151123,29.1000,29.2200,28.4200,28.9200,6777600
20151130,29.3500,29.8300,28.1200,29.0900,12792760
20151207,27.9700,29.3700,27.8700,29.2900,8206200
20151214,27.4600,28.7500,27.4500,28.1000,12413120
20151221,27.6600,28.0700,27.2600,27.6200,7752575
20151228,27.4800,28.0000,27.3200,27.5200,4246775
20160104,25.7500,27.2500,25.6000,27.1100,14504541
20160111,25.2600,26.4600,24.8000,25.9500,12778120
20160119,26.4300,26.7400,24.7600,25.6100,14295650
20160125,23.4600,27.0700,22.4000,26.4000,24515220
20160201,23.2000,24.2300,22.9100,23.3400,18103420
20160208,22.4900,23.0000,21.5200,22.8600,15821741
20160216,23.8100,23.8600,22.2300,22.3000,10545075
20160222,24.1800,24.5400,23.2800,23.9500,8858340
20160229,24.4100,24.6200,23.5800,24.1200,8342460
20160307,24.0200,24.4900,22.9800,24.3600,12374460
20160314,23.7700,24.3500,22.8800,24.0200,15672680
20160321,24.3300,24.4900,23.7500,23.8100,11222425
20160328,23.8800,24.5700,23.3600,24.2900,11343920
20160404,24.0700,25.5200,23.4000,23.4000,15857600
20160411,25.2200,25.6000,24.0300,24.1700,9510080
20160418,24.4000,25.4700,24.0800,24.8000,10864600
20160425,24.4300,26.2100,24.0600,24.4000,19421880
20160502,23.8200,24.3900,23.5400,24.1800,8826780
20160509,23.7800,24.2200,23.5000,23.7900,8662120
20160516,23.6500,23.8800,23.1800,23.6800,7291460
20160523,24.3600,24.4000,23.3400,23.3800,6861420
20160531,23.9800,24.6200,23.7500,24.2900,8977025
20160606,24.0700,24.3800,23.8700,23.9800,8047640
20160613,23.7900,24.1300,23.4700,24.0200,10091620
20160620,23.1300,24.9500,22.8100,24.3400,12561640
20160627,23.7800,23.9500,22.3000,22.9500,10629860
20160705,24.6100,24.6600,23.3000,23.7100,8918625
20160711,26.3400,26.3400,24.6400,24.7400,13081060
20160718,30.4900,30.5600,26.1700,26.2300,24439560
20160725,31.1600,31.7900,30.2700,30.3100,12186580
20160801,31.3900,31.4500,30.6900,31.3000,9560560
20160808,30.8900,31.5000,30.8900,31.3800,8183360
20160815,30.6300,31.3100,30.3600,31.0000,6880840
20160822,31.3100,31.6300,30.3700,30.4600,8359480
20160829,32.2800,32.5000,31.1400,31.2500,8223940
20160906,31.8900,32.8100,31.8600,32.2000,9519175
20160912,31.7700,32.5700,31.3300,31.6700,8802160
20160919,32.0700,32.3800,31.2300,31.8100,6803100
20160926,32.9000,33.1900,31.5900,31.8800,9426960
20161003,31.6200,33.0300,31.0400,31.3000,8764040
20161010,31.8900,32.2500,31.0800,32.0100,10016640
20161017,29.0600,32.6400,28.6000,32.3900,24911300
20161024,28.6000,29.7100,28.4700,29.2600,11630940
20161031,27.9500,28.7700,27.9400,28.7700,7918160
20161107,28.6400,28.7700,27.3300,28.3400,11356500
20161114,28.6900,28.9500,27.8600,28.6300,10154860
20161121,28.9500,29.4400,28.6500,28.7300,5943375
20161128,28.4200,28.8900,27.2800,28.8400,10446300
20161205,29.9700,30.1100,28.0300,28.5500,11337460
20161212,29.6100,30.5200,29.5600,30.0200,12114160
20161219,29.7900,29.8200,29.0100,29.7000,8846900
20161227,29.6900,30.3800,29.5700,29.8300,7725175
20170103,31.0500,31.1600,29.5100,29.8300,9733475
20170109,30.2900,31.0300,29.8400,31.0000,9643440
20170117,30.6400,30.9600,30.1100,30.3300,9871050
20170123,32.5100,32.8500,29.7000,30.6400,19097520
20170130,32.0700,32.2800,31.5300,32.2300,8354460
20170206,33.6300,33.8400,31.8000,32.0100,10827220
20170213,33.7600,34.1500,33.4600,33.6200,8432200
20170221,34.0600,34.2300,33.3800,33.7600,7211775
20170227,33.7400,34.4300,33.3900,34.0500,6484840
20170306,33.1300,33.8300,33.0200,33.6700,6575060
20170313,33.7000,33.8400,32.5600,33.1300,10064680
20170320,33.4000,34.0300,33.0500,33.6800,6117900
20170327,33.5700,33.9500,32.8400,33.1600,6409540
20170403,33.9100,34.7400,33.3200,33.3700,9048000
20170410,34.3300,34.7000,33.7200,34.0000,7380700
20170417,34.4400,34.4400,34.0900,34.3500,6919900
